81202
81116
112699
117462
81174
81125
187077
81128
79558
81166
23032
186587
23743
23653
81241
81077
23343
23341
81146
81109
117417
53678
186611
186688
79377
24713
81164
22794
24871
186624
52975
52926
117418
79634
79275
22907
187010
117414
117386
79681
79255
117411
117388
186705
117368
24596
24081
117426
52953
81151
186601
79475
202605
81112
186687
186614
186617
23078
24091
81114
23466
186634
186719
81120
79749
79617
24704
23082
202636
52880
79618
79847
117431
202617
117424
24056
81096
24840
186577
53696
24130
117415
166317
202682
79345
23070
79800
24244
117405
24295
79837
22858
79585
24487
24061
81194
81196
24501
79428
24528
79349
22884
81078
81183
24566
23002
112788
117452
24630
23711
79332
79550
24854
186628
23638
23172
118128
79596
81110
81092
112703
23550
81061
81171
22961
81111
22806
186608
24531
79290
24671
112717
79491
22906
186650
22867
186599
187009
79943
79903
99892
186703
22873
24908
22848
186669
81063
22913
79793
190469
117416
202587
22840
112706
112791
23407
22890
22910
117370
24814
24585
25261
79540
22951
79404
186581
24900
79682
112704
117422
22812
79438
79466
81179
187096
79775
23624
23479
81074
23195
186679
22939
81201
24537
22844
25089
79407
24666
202569
24857
23248
25060
187075
81094
24627
117436
79866
13926
79723
112787
22874
79876
24540
81062
79482
202568
202549
202548
24818
79522
22850
81251
99509
79323
52904
79678
24549
81070
81093
79612
81085
24142
79620
24173
115564
186666
22872
81178
23244
186639
24236
79814
186657
81105
79670
79410
99524
117361
23572
79553
24205
22952
24199
25011
23199
22963
23004
81150
117395
79708
79637
23098
24576
186642
202688
186627
79666
24781
79315
23237
24280
81103
186629
53716
52882
211291
52908
79717
211141
81190
99525
186655
79252
186745
24447
79768
79276
79590
79311
22870
24440
79284
25205
117397
53720
23226
24167
117421
53741
22821
24323
79533
81132
79563
25560
22901
191518
23241
117360
79459
186798
79378
79789
79279
211312
211140
209038
24998
23086
117394
79628
79294
218218
116448
186571
24432
24345
81203
81207
81208
81238
81240
24824
81246
81248
24966
24969
24652
81107
81106
25047
112700
24213
25105
112705
81084
112716
81083
112723
81082
25216
24137
113355
113374
81067
81149
117343
117345
117347
79403
81066
117365
117366
117367
24116
24046
117371
117373
117374
117375
117376
117382
117383
24042
117387
81064
117389
117390
24573
81058
117396
52930
117398
117399
117401
117402
23411
23388
117412
23350
23319
23274
79913
52936
79879
52938
52944
23203
117427
117428
117430
52957
117433
117435
23191
79831
81144
23066
23052
81157
186574
186575
23018
81172
23000
186588
186598
22984
79784
186606
186607
22959
186609
79268
186612
22949
186616
22942
186621
186623
22933
81173
22909
79673
186632
81137
81177
79296
22900
79298
186656
79592
79591
22896
186671
22895
186682
22892
22888
22882
79304
186715
186718
79572
186725
186735
79568
186747
186750
186753
186758
81133
186802
186943
186952
79526
22868
187011
187012
187033
22856
79525
22846
22845
190475
79496
202516
79325
79486
79483
22842
22836
202593
202603
202604
22833
202606
202616
22830
79347
202637
22799
79364
205736
24519
211005
211026
24479
24786
24805
81195
24811
307172
307210
326993
330497
334946
334951
337516
79439
79261
52878
186757
79858
79856
79602
79874
79450
79437
186647
166355
326990
117457
79631
79446
79433
79285
24287
79505
81073
79266
23542
117460
81072
202648
81060
79440
79449
186754
79452
112714
112701
117455
79603
79282
79488
79448
79442
79406
79366
112721
79868
117458
186589
186706
186728
186733
186740
189103
79819
327808
186756
105893
79653
186690
186659
117545
79644
112702
186580
186602
186720
327881
187004
187003
187001
186996
81180
79774
23887
24861
186645
79312
22983
99449
23383
113351
117385
186714
186726
186823
186826
186994
53712
202594
81189
307239
190699
117359
187008
79707
79258
79699
186821
79254
23633
186578
186636
186749
186712
23234
202602
117351
24845
186644
186613
117442
24737
117450
117353
79615
14004
117358
117354
24837
186572
79257
24643
79341
81098
79873
117355
79524
24772
117357
79432
79326
79827
117451
81185
79694
79515
186585
186619
117356
81206
79855
186658
186717
186722
186748
23429
189214
22914
327646
331605
331650
331678
186604
117449
79782
79933
117448
81213
81210
81209
79760
79692
186686
186704
186942
81212
113432
186620
186696
186667
186662
186646
186579
186652
186638
186597
186695
186692
186681
186701
186631
186709
186708
186998
186997
186707
117447
117441
117446
81215
166385
79431
186689
186698
186683
186670
186665
186584
186731
186573
79829
326994
306386
187031
306861
306849
306592
306443
306416
306233
306243
306944
306318
306303
306270
306260
306257
186610
99889
99886
23074
79754
186710
79735
186999
187000
186713
99882
117437
79716
186674
186595
117439
23807
187020
79693
79750
117438
329224
326991
187006
187007
187013
187014
187015
187016
187017
187018
187019
332696
187021
187024
52984
187027
187028
99872
216372
99877
99879
79734
186625
306278
306288
186648
306315
186663
306347
306358
306373
52986
306432
52991
306470
306517
79340
306726
306733
306746
306752
306764
306778
306791
306804
306812
306821
306822
306839
186723
186729
306867
306881
306882
306907
306919
113433
306990
307029
307036
307042
307088
307090
307100
307121
187005
187025
186752
105883
326945
326946
186637
186586
186685
186583
186664
186700
27854
28647
218037
28908
28472
28469
29091
78973
79108
84272
84299
28251
26847
26883
26911
26965
26997
27009
84315
27029
27031
27039
27094
27124
28141
27146
28138
27165
28107
84334
84377
27183
27187
27234
27252
27256
84367
27273
27289
27324
27357
27362
84353
27394
27426
27955
27473
27481
27508
27599
27716
27737
27765
27782
258037
27863
27900
27939
21817
79146
28775
22103
22111
22104
22118
28614
79032
22107
28829
29012
84347
28369
78947
28382
22108
28556
84220
79050
22120
22105
28212
22115
28575
84293
21812
28349
28451
28478
119608
28562
28955
28398
28503
28415
28945
28326
79093
27177
52645
203395
79101
28418
28577
28372
28438
27150
27167
28434
329761
28511
28394
28995
28608
113002
28246
27833
119069
28719
28697
28332
29057
28896
28571
28916
84340
28534
28342
28513
28616
116444
79014
28437
28431
79069
84221
78940
28695
28462
326931
84284
110608
78981
28968
21981
28543
84352
28770
119870
28388
119023
28210
29081
28455
84198
28736
79200
28456
121610
187166
21930
28772
28756
79209
187159
29026
79058
28598
79229
27181
28468
78994
119602
84366
79004
79196
21963
28374
28377
27154
28991
27378
28707
28411
84311
28100
84239
28547
27011
119036
202927
78923
110635
79099
116450
27142
202542
112719
28348
28373
27148
116446
115337
29003
27441
209036
27260
28773
110642
27770
28762
27776
28386
21979
28390
28781
28783
28787
28797
28392
28393
21927
28912
27851
28922
28401
28949
28402
28959
28966
28405
28984
28986
27074
28414
28999
337044
28416
27869
29028
29029
29041
29042
27897
29062
28433
26849
52377
27138
53647
78920
27295
28442
28448
27315
78978
28452
28453
26877
79009
21932
21939
28463
79051
28466
28171
79077
26925
26935
28474
28475
79122
79129
79133
28477
79151
79154
79194
28221
28482
28484
28485
84167
84172
84177
28487
84199
84204
28494
28497
84228
28500
28502
26963
84286
84289
28505
28507
84305
28509
22106
84316
84331
27169
84339
28522
27173
84348
28535
28334
84355
28545
28335
84368
84371
84373
84376
28336
90930
21942
28346
27523
112680
112685
112686
112687
112689
21924
112955
113001
28353
114088
28603
28356
28358
116449
28362
116451
116452
116532
116544
28625
28364
28645
119209
119351
28366
28663
119868
27692
119911
120695
120761
120838
21970
166488
166503
177417
187158
21977
28717
187257
190068
199399
201455
27220
202607
28732
28734
28375
210990
211139
211161
211173
216380
28738
218197
231196
28742
28753
328431
329464
329760
28755
28633
27429
316198
119921
119920
26977
27005
119453
27100
27159
116597
27244
27292
26835
27456
27462
27740
27762
116595
116594
116582
27918
27992
84196
84210
28727
84217
21829
21833
28423
28634
28018
84173
28055
28528
84181
84183
84188
79076
84197
28569
84212
84215
28351
27916
113016
27906
116591
27888
27222
119472
210929
28420
27937
84345
84303
21847
21849
26831
84203
26917
84200
27035
27126
27185
28618
27238
27351
28046
27535
27554
27585
28016
27727
27848
27978
27976
27972
21841
21837
29022
29014
28328
27710
28072
28680
28250
79071
28092
27514
84190
26994
26853
27920
113121
116584
119919
190807
27959
27590
21860
26967
27056
316833
316812
27240
27298
27423
27551
28050
102028
84269
28286
316854
28075
27228
27078
105939
21869
27015
317043
27242
27286
317017
27542
27751
316986
27924
316963
28122
120779
84240
120778
120777
105943
105941
105942
318878
105940
105938
26891
84184
187293
120776
27945
27845
27333
27062
202500
84236
27386
27607
84248
27587
106092
28443
28791
84237
28441
27557
21872
26841
84265
26931
26937
27023
27025
27086
27116
27118
27179
27224
28169
27348
28154
27563
27623
27657
27659
27908
28192
28056
26827
27341
26899
26881
21855
27246
84266
27538
27545
27548
84261
84213
28247
29114
28005
187290
84224
84211
187289
84208
203072
203074
203076
203077
203078
203079
203080
203081
203082
203083
84206
27698
316914
27873
21821
21863
26889
28910
26909
28682
28354
27017
28281
27114
27140
27876
21825
27269
27596
27450
27453
27478
22117
28881
29008
187291
28857
28422
84169
120186
28428
116585
27052
29010
28426
27043
26971
28381
27669
27254
28631
26921
28740
27612
28859
27707
28943
27866
27207
29031
27156
26893
26879
27886
84277
84281
84287
97730
27898
119557
119558
27444
27417
187345
188775
318835
28928
26871
26923
26957
27001
27080
27084
27529
27680
28301
84273
27928
22113
28480
84307
29005
84288
84253
120763
53643
28904
120764
84241
28458
27027
110624
29100
28665
330296
28629
28499
29104
78934
28425
29069
187466
84300
112682
211144
28113
21973
28165
28174
26887
28291
28321
28322
28918
28924
27212
28341
28347
28359
52393
333337
26897
22101
27370
27415
28400
27420
84251
27470
84270
84283
27487
84294
84301
84304
84306
84310
84321
27653
27667
28473
84356
84359
28476
84369
84370
112684
112688
28488
113004
114081
114083
27842
119657
119862
119869
27857
28560
27047
187456
188000
28591
22110
210966
28093
211188
228441
28675
327579
327580
28709
28804
222309
222319
222321
222315
318579
202969
318903
120470
90001
120449
90023
89986
120840
89995
89988
187462
119722
90008
89987
97811
90013
90018
90019
89996
90024
97767
97769
97774
97776
97780
97808
89997
97819
99952
106002
106004
106005
106006
106007
116567
116577
89998
119724
119835
90000
120451
120452
89990
90002
120844
90006
188820
202177
89985
327102
329560
119681
189252
189251
191981
197669
105907
105903
190578
114072
210973
256041
256049
327100
333607
90056
222297
119666
113031
90095
18599
18590
18596
18614
18606
89993
89991
90091
18581
90030
90055
18604
18586
116564
113026
90116
90037
90039
90043
90050
116035
18578
18617
105991
90025
90058
113027
18580
90061
120930
89989
18603
78553
78533
90080
190818
90078
116548
113036
18601
18598
116546
113038
90085
116552
90062
90049
18607
90054
18608
18610
90057
18611
18575
18569
90070
90074
18615
18592
90081
18619
90087
90088
78528
90093
78531
90097
90114
78532
99602
99608
18593
78551
18594
113029
89984
113032
113033
113034
18576
18568
113040
113041
113267
113268
114073
115331
18571
89999
116547
18572
116549
18584
90033
18574
119728
90038
120931
121470
153773
153816
153889
161743
165484
18605
211138
212972
90040
255141
328959
329223
331205
18589
333614
312144
331729
90048
115343
90045
90051
112548
105922
90092
105920
188998
189086
334235
80964
332278
332255
329626
328380
217433
215363
213532
211113
201430
199782
168486
168455
166378
76421
76402
31802
117931
115939
31803
31475
31747
76064
225764
31707
81000
226100
31480
31919
115938
76156
120274
115949
31626
31633
197434
53828
119718
31801
53163
31832
31500
115941
31725
241221
31508
31850
99412
228178
76410
31852
115954
80856
231585
31507
81006
31901
31625
53801
31831
53127
31750
53814
53537
31647
115942
119769
53888
117918
31902
80997
53161
80993
80864
31780
53846
81047
31476
31853
53869
31472
109243
53156
189228
53818
117915
53151
121506
117916
31456
117912
212807
119723
117911
121486
115953
121524
166245
166254
166258
81026
166484
166486
166504
115955
168484
115963
187490
187739
188528
188534
188720
188721
188725
189022
189119
115972
190540
196017
197433
80961
53796
117913
201492
202505
211111
211112
117914
211345
211517
80989
213531
115935
215362
115937
80775
218088
218144
218198
218514
218515
218522
218530
221289
225758
117929
80792
119698
53212
335437
119768
328389
328396
328397
328447
328533
328578
328872
328983
329466
81008
330491
331090
331516
115951
120275
332862
117928
13521
31849
331732
76214
257060
76304
219697
80519
218072
80530
80531
80539
199353
199322
80545
166519
80547
80548
80706
80980
333599
117922
80524
117879
80527
119965
31752
31505
76320
81033
76369
31742
31502
76321
99448
190830
31874
117878
117840
202565
116052
243609
218505
53249
215365
115606
336433
76247
31722
53097
76235
76256
213566
213575
99450
80753
117909
31899
109398
31739
31497
119964
31445
31695
31677
31686
53210
31634
31654
80892
117748
120114
117751
31679
31706
120125
120126
120122
31812
120117
120116
80550
53778
186234
119655
117925
31680
186239
120123
203337
31928
31676
80715
76284
80765
31810
31862
31822
53174
76199
80714
53771
31857
211104
328504
121514
53917
121225
121165
80733
53180
53894
120210
216959
31709
81005
31881
53095
188471
216383
117749
115973
31629
117858
31927
31737
81031
76392
31811
121229
76144
120258
117923
31681
121516
31498
31876
76177
109368
117733
31916
53767
31864
31673
228352
312283
31807
31658
105142
81019
53867
162704
80735
76287
31882
117753
81042
81041
80913
53116
76165
53774
31661
121223
76207
119690
31785
117831
117829
31805
120260
31678
120209
120113
217543
31804
53927
119645
80988
117861
121227
53247
80701
76224
31893
53856
31774
76167
53770
329622
121226
53884
31736
120185
120128
119639
31719
76305
31789
31758
53532
218545
31763
109283
53882
53241
76332
117907
76296
53901
53903
81016
230927
119925
53948
76318
76282
76264
76206
76403
80878
81025
117852
120132
80971
119641
119943
31717
31917
216379
115976
213083
76365
31698
166364
117830
31495
211042
228412
121519
328725
120136
120184
120119
76140
31773
31691
31693
120127
80987
80536
120134
80815
120137
120140
120143
80529
81003
117841
105140
80509
76275
76274
80772
80507
81009
121392
110208
113829
166247
76374
166436
166492
166517
31663
76227
186220
81010
31798
186259
186332
187200
187499
188247
76367
188954
189117
190720
190724
190792
81011
199298
31650
53225
201511
53192
202690
203287
203331
119647
211080
115962
213558
119701
31925
213597
119702
216341
119708
119717
217120
217290
217314
217542
31503
31501
119854
219690
119855
81048
228354
81018
228442
228536
31692
232621
234052
236746
31830
251689
254129
31662
31826
328078
116053
328381
328386
328392
328394
328427
31817
328523
328534
116528
329290
329469
329470
120115
117563
333512
334915
335170
53892
80718
31820
81029
94464
114966
189226
116432
31879
94487
94462
31467
119689
31454
119625
31861
80748
80747
80721
31858
31887
99452
117694
31859
117683
80746
31630
53184
31932
117696
201354
119631
31746
31888
81049
99447
94477
53107
76393
31783
214275
31787
117685
120174
80723
116055
76370
94473
118063
116767
76368
94461
31712
117470
31886
119866
112525
31784
80970
80717
80741
80951
80975
80995
31640
236741
80557
120097
31934
31933
105888
211090
186230
31639
119864
80974
80986
80555
80554
31470
80546
53854
117684
118061
80740
119865
119906
80948
166324
166499
188920
189241
31687
218508
218521
218524
328491
330124
335113
337514
53864
94494
94496
94493
94492
94488
291989
328388
329098
337260
338053
171330
116041
94459
31761
119871
119872
119873
119876
119877
119878
119879
119881
119882
119883
119886
119887
166248
166463
216957
113832
328405
336252
119880
171393
188750
188758
188783
336631
211106
213529
166351
31920
166502
166507
328403
328409
328410
328723
328750
328789
328869
53880
31666
121606
330123
328749
215364
166268
81017
332280
213596
188527
119850
119849
119851
31668
117935
31922
80999
31837
31483
76233
31836
115921
121478
121490
115912
81022
166294
166341
166480
166498
166501
80967
188546
188648
188849
189121
190509
190582
190820
197876
199712
201418
117936
213620
31489
115936
218529
218533
219634
219642
219645
228413
291833
328398
118100
328411
328412
328413
328415
328417
328420
328443
328489
328536
328538
328575
328577
31829
328957
328991
329227
329463
31771
330513
331433
331579
332018
31669
332597
332598
333424
333762
334231
334232
334950
335317
335318
335322
335323
335435
335477
336239
336580
336806
189298
80834
328961
118097
218518
218517
213561
211110
166265
166257
218506
119848
119841
119842
119847
119844
119843
119846
80797
119845
186321
118092
118093
118159
119816
119818
119837
119839
110720
110724
117934
118082
118087
118088
121492
121493
121497
118089
118091
166332
187414
188671
31491
190532
201422
211081
211082
211088
118095
213519
118096
213567
110718
218520
218532
218534
218536
219113
228176
228463
328401
328402
328404
328424
328429
328522
328537
118161
118163
329143
329287
329624
119812
331442
331444
331445
331591
331647
332006
332251
332258
119814
332880
334896
335080
335319
77335
166352
208811
17303
17095
12787
77832
17366
16375
202303
16315
189415
187664
16942
33572
53342
17622
16511
84384
119892
32540
53420
17280
17456
13602
16941
17457
12540
162714
16771
12487
13566
32419
116454
17135
17722
32423
17112
12729
16943
14029
16816
13548
12479
16765
12552
17132
32422
112771
84393
17859
16449
17364
12407
16672
16357
17923
17198
33556
190602
16499
12434
17569
17588
84401
17922
12807
117124
116453
77661
16811
187488
116458
78524
12431
78433
32435
32575
12413
16626
77558
12443
32424
32417
77854
120566
16793
32639
17126
17696
12451
112772
17281
17228
32362
190695
190693
78028
119007
17852
17707
17482
190696
16651
12743
17645
17289
78213
78236
78416
32541
32404
84381
17899
84386
17747
77601
84486
77340
17498
77287
17381
17301
77616
17194
17077
119893
16945
120605
120611
16824
16822
16795
33754
187762
189338
16473
190510
16365
16338
13704
33579
197194
78206
12560
327875
189329
211093
116581
14047
78399
16823
166512
149363
116560
16974
14036
116442
13186
17517
52620
17491
32474
119946
17417
17561
17263
78332
13134
17749
17425
17461
16782
17013
16810
77442
32753
17493
32629
78284
17274
17418
187460
13544
32490
17753
17302
17134
13249
17133
32463
13808
17416
116588
17897
217797
32533
17514
13349
17744
77728
119940
17810
16459
32531
112786
13353
13508
17670
32467
16420
13125
17131
16938
32663
32469
12799
32273
119945
32270
17406
13789
13451
77304
16712
84424
32354
17018
119167
16401
16927
17761
13196
16912
12751
17197
16957
17049
17355
17835
13416
16917
77571
120668
32893
17238
117063
13174
77892
32456
16777
12868
32706
120743
13892
17886
32464
194927
116562
17838
13390
190691
16557
16675
78052
77778
16638
84413
189118
77293
16788
32356
17578
187520
17847
17116
78076
12813
17882
32486
190413
203383
77751
33184
17814
17702
16815
32383
32388
77723
16876
17572
17568
77786
77853
16540
77987
17883
17385
13395
17331
17642
78404
78406
78444
78485
17309
84446
84448
84460
17057
17026
116559
16916
116561
32491
32515
13129
116593
32520
118316
16970
119371
119923
16963
119941
16948
16746
119947
17269
16381
121473
13104
13089
12909
32266
16625
17213
16595
32714
32726
13502
16662
13650
78042
118322
99484
119898
77837
77747
188137
16423
78134
17624
16745
16470
84484
16897
78147
78231
17463
16952
13479
16416
33185
78199
17918
16419
84469
78267
77754
13887
33504
17336
187623
78336
99529
16921
17637
12399
77736
17617
33674
77934
119948
16857
77688
12422
17924
78269
13821
13609
17803
33535
78100
77579
113916
78337
84429
187631
112767
33244
12817
112762
84423
12470
32271
116625
17113
17521
17414
16975
205439
16757
17172
32957
16939
33077
16713
12611
84434
99473
13112
17345
12649
17225
119950
13183
112758
16444
17203
16743
17413
77775
77477
17480
16664
13064
77618
33257
187479
116626
12974
17518
16445
77906
119222
17750
17097
32927
16804
17891
119364
16789
17689
33084
84426
17555
12568
119500
16452
119196
13400
77484
16433
16516
78486
33153
78233
33207
17151
33054
13137
16785
204641
16807
16928
17124
16400
77451
17876
33641
209043
77498
16791
116602
16967
78018
78025
17412
17558
16922
16813
16809
17742
17504
78289
78314
17357
17311
78393
17277
78511
17468
16645
16641
17580
16570
16482
33686
16424
16422
16403
77358
116529
32918
16319
17204
17812
13583
32935
119457
17424
13577
119901
13423
77591
13179
119969
17144
17905
12978
187625
187629
187778
12821
188767
17091
17068
17058
16996
77806
333598
NaN
12529
189233
17373
84481
13034
33702
17867
13200
16374
16389
187402
33322
77386
17909
119908
16929
33315
17804
16503
12456
12491
112766
77548
13145
33431
77361
17893
17195
17205
33309
33310
16446
112769
112757
17592
17775
16805
13029
17611
33703
33748
13971
16961
17557
33285
12872
77351
77420
77474
16359
77673
17084
12699
17894
13496
84380
84462
33092
33279
17273
116566
12844
17341
33319
119516
119582
13961
16905
17596
17799
17760
119619
190715
17746
17432
116674
33366
17450
17447
16752
119907
78254
77326
77904
16617
116693
17109
33318
187912
33326
84394
17305
16858
188522
77843
116695
77762
33365
78369
33329
116672
16834
16735
13794
17304
188658
13639
13052
204400
328568
27132
316805
102027
330201
53135
53009
17061
17365
16577
190718
17164
189411
16908
17494
16865
187913
121475
84473
17868
12671
187489
16443
121453
12620
17621
53262
84410
12831
204651
17782
187483
33446
17732
16926
53206
53229
17516
17308
17614
90702
90703
17881
117026
117028
16512
16383
17724
13562
17292
12905
12779
204556
17117
204656
33364
12954
17657
119578
211039
16364
17871
17662
16721
17452
204553
117040
16409
16340
16333
17446
17865
17714
17487
16830
16754
16756
17090
17160
33470
17570
17853
90733
90753
17167
17054
17398
17407
16864
17017
17251
17039
117031
75627
17608
16984
17510
77363
119644
119642
119640
117041
17903
17409
17511
53071
17934
17089
17349
77459
16418
17088
33467
12876
17383
53012
53027
17793
53111
53172
17275
17258
90692
90701
17087
116726
17074
17028
16720
16634
16538
16435
119643
33460
14002
13800
204879
12962
17043
16906
17330
84407
53152
13688
17688
13153
116742
17429
16434
16831
119621
190717
13991
16573
17101
17401
53150
204868
119623
13059
17356
53157
90788
16954
17156
17259
53160
119620
17288
17029
84406
16880
16571
116743
16495
17486
13553
16899
112773
84408
53130
84400
33593
17541
16737
16588
16729
17200
53261
16843
84402
84403
17155
17786
90678
90715
17844
17397
112774
117038
117039
13117
119622
188541
189114
13368
17870
327828
12644
199586
17244
187655
195964
213551
213560
328441
213592
188234
218161
94240
94236
94447
94381
94222
94430
94454
94357
94537
94262
94394
94349
94197
94249
94256
94420
94238
94284
94299
94460
94465
94483
94519
94527
94308
94542
229576
258936
331431
194837
17781
33764
328635
17748
90744
277774
188771
90706
119559
17723
208469
119902
33765
17757
17154
16992
117059
16860
33673
14032
17796
84441
32251
17620
33139
13358
117221
78279
119918
12582
90705
16871
16977
78141
13428
33143
119661
17000
90707
90717
90725
77433
116531
77415
17548
16794
17549
33692
119659
119662
17553
33372
16593
166282
16353
17003
190714
205237
13342
213557
213571
213577
12824
328425
17691
33388
17648
211057
90775
121479
120014
189413
189412
194907
90776
17157
17103
90751
166273
327669
187420
201396
188762
187497
213554
166314
90791
189026
187486
16879
187824
90800
17927
17388
189108
90789
53434
189327
113914
208812
208796
17663
53322
17286
187482
99477
166315
53303
17222
117022
53428
119889
16894
121481
53394
16534
12536
117016
90680
17441
17913
17254
17138
17371
75767
16739
118991
16760
119891
117023
117019
117020
53443
17313
16837
90679
118974
194847
13085
117018
17711
17858
16950
17857
90697
118987
53309
119888
16949
17285
16840
17284
17165
187407
16725
16596
16580
16544
17075
16484
16408
219112
327490
328873
329758
336175
336672
219681
90793
187528
16841
187396
201343
189337
200827
189210
17785
202173
117015
17462
187577
16486
17697
17267
17864
118948
17534
17466
13627
16658
197423
219643
322149
332096
90815
189073
187390
17585
16587
118994
118995
75866
90764
90768
94560
94577
94389
94390
94407
53288
90803
53366
118998
94428
94386
94387
90762
17826
94377
94383
94603
94606
94385
118999
119001
213550
328636
94423
94418
94413
13100
94419
94411
17271
94421
189234
52624
52627
94595
188901
213521
53325
17174
219040
188236
188833
94453
189070
94482
53380
199710
211107
213543
213579
189065
189063
17065
12603
80185
87177
23600
23744
25431
25477
80192
187993
204123
23789
87245
213547
205981
112735
52601
80139
80178
87213
80173
80097
80269
80202
52563
26078
112999
87146
187493
209055
115573
87142
52603
87181
205642
80211
53937
53887
52546
187693
115054
24992
80143
312285
254130
117002
121396
24277
113143
111271
115711
24634
99822
87192
166371
166295
209052
121264
326835
228414
188246
209091
80119
113000
80151
116063
87169
115066
115396
112987
80215
80094
80241
187453
187203
113156
80123
166441
152820
113163
166333
87168
113155
205641
118432
192379
113152
113149
117818
80177
87271
166759
189425
228418
192381
115735
116984
87195
211518
113154
115175
113157
87349
80175
23747
26115
80180
80182
80183
40784
80186
80187
80188
80190
52541
80193
80194
80195
80196
80197
80198
80200
52542
80206
80210
24278
52547
80218
80219
80234
52550
80242
80245
80248
80250
80255
80262
52553
87141
52556
87144
87145
52557
87147
87149
87150
87152
87155
87156
87158
87159
87161
87163
87167
52558
52560
87171
87173
87174
87175
24374
52564
87183
87186
87187
87190
87191
52595
87193
52599
87201
87202
24393
87223
87224
87228
87230
87242
24559
87250
87253
87256
87261
87262
87263
87264
53769
87273
87275
87280
87286
87288
87299
87301
87336
87337
87340
87342
87345
23568
99462
99464
99465
99466
53773
105921
110221
111266
111268
53865
53870
112967
112968
112969
112972
112973
112974
112978
112981
112983
112984
112986
53872
112988
112989
112993
112994
112995
112996
112997
53876
53881
113008
113009
113019
113130
53883
24607
53898
53900
53902
53914
53918
23531
114896
114903
115038
115042
115044
115047
53939
115061
115064
53943
115074
115081
115082
115098
115105
115107
115127
115130
115131
115146
115148
115173
80093
115177
115210
115389
24688
24796
115574
115595
80103
115712
115715
115716
80105
115736
80106
116692
116905
116917
80108
80109
117812
117814
80114
80118
118488
119987
119991
119993
119995
120018
120025
120663
24163
80121
121443
121446
80122
164847
166183
166281
25282
80125
166365
80126
166434
80127
166518
166758
80129
186940
80134
187280
187281
187344
80135
80138
187645
187646
24190
187969
24193
80145
80146
190529
190701
80148
25643
199359
199360
201388
201548
80154
204642
80155
80156
80157
205982
208780
208841
208847
209005
80159
80162
209058
209060
209062
209063
209065
209068
209071
209074
209075
209078
209081
209083
209085
209086
209088
209089
80165
209092
209093
209262
80166
80167
215902
217164
217672
218777
219044
219050
219180
222773
80169
80170
228453
80172
254894
285808
26076
80174
327612
327770
327849
328190
329014
329559
333336
333600
335094
337894
26110
24659
25010
25656
25686
25757
25841
25878
25916
26037
26042
26058
26062
26108
166522
121448
87347
121020
209272
24987
192376
117945
221285
106471
115037
24874
115340
25658
117092
117816
25843
117821
25028
25880
25733
26032
208834
209069
87343
217582
218360
331013
106301
330949
330950
330968
330978
330979
330980
331008
26010
87348
87326
259441
118433
87229
87215
87210
87208
116987
87237
118505
187504
189417
209077
209080
116986
24636
87268
99759
113164
105254
327649
105253
105256
121445
166430
87285
87306
87310
87324
52545
99816
80137
80217
80265
87204
114932
24639
115104
115727
115728
115729
116985
120024
87206
87232
187276
187412
187503
188244
189217
202955
203217
214071
219229
327648
327650
115079
327872
122154
188874
52659
87329
244564
201133
91460
115078
115726
115178
52651
52662
115183
115722
52653
52654
116983
118437
118511
120036
87338
122160
187295
87344
189365
197173
87375
208839
52656
115725
24898
87231
52587
113151
114078
87209
87311
115120
53928
121515
53487
80227
53920
24767
87189
327499
113162
87304
80226
52543
80252
80266
87153
87205
52585
87218
52586
87270
87282
87294
87296
87298
87300
24453
87305
24952
52589
52591
112991
112992
113007
23772
24784
53926
115084
52538
115187
80099
115397
117033
80141
80142
52539
205913
209057
209059
209064
209070
209073
209087
209090
210675
80216
100034
115144
91509
115046
112962
80092
87328
115179
115738
116995
87331
115739
113133
329101
191390
116573
166869
91508
91499
87240
52646
52647
52650
96286
188760
188782
188928
96279
116993
19334
52531
52533
52532
112412
89113
19746
52459
19552
89102
89153
89156
89103
89159
19367
89107
52438
19541
117279
19378
19625
52401
117280
19386
89119
52458
117265
52453
89145
52450
19453
117267
19134
52470
52428
117281
52426
52415
89093
19370
19516
117278
117270
52494
19489
117283
89054
52442
19736
52448
52504
78700
19543
243611
89112
89087
89082
89084
327255
89092
52523
52520
19172
52501
89073
52486
89115
52460
52423
78687
19548
89077
19461
114929
114934
19457
117266
19437
117268
19434
19430
19382
19320
19255
117282
19229
89081
89149
89136
19117
89101
89117
89074
89065
89064
52454
19706
89126
89041
89151
19679
117223
89125
89062
117219
52508
19678
19406
52506
19538
52492
52534
52465
52524
19596
117218
117226
89071
117260
117230
19507
52500
52498
52497
52475
117251
52468
89083
19124
19620
89050
19638
89047
52417
117235
19672
89108
117232
19304
78688
52488
89118
117933
19591
52443
89078
19418
19398
19601
89134
19414
19582
52466
19570
211178
89070
52480
52481
19565
19357
19558
117227
52495
117252
19546
19141
52507
89056
19484
43343
52522
19156
117237
52525
19379
117238
52451
19415
89049
19402
52464
19353
117247
117217
52437
52467
117250
89057
19658
52461
52503
78692
211267
89080
52477
19587
52445
89055
52511
89046
19474
52398
89135
89133
52473
89129
89144
89152
52478
19360
52509
89106
211265
89058
89053
195550
188219
211262
330520
195559
327254
117263
117233
89124
89061
89060
89128
89059
89131
89048
89045
89044
89043
89140
89042
89146
52535
52517
117220
117225
52444
52420
117228
117229
52400
117231
19682
89105
117234
19668
117236
19641
19626
117241
19613
19577
19575
117254
117257
19498
117262
89085
19469
19427
187779
19375
19191
19148
19144
258366
327212
327253
19109
52526
19711
89130
52455
19704
112034
190831
106282
111970
186771
186772
186773
263091
96727
96731
188866